0.000000000000000000e+00 9.050000000000000000e+01 1.340000000000000000e+02 7.550000000000000000e+01 1.635000000000000000e+02 6.850000000000000000e+01 1.675000000000000000e+02 7.700000000000000000e+01 1.065000000000000000e+02 1.835000000000000000e+02
9.050000000000000000e+01 0.000000000000000000e+00 1.600000000000000000e+02 2.950000000000000000e+01 3.600000000000000000e+01 8.100000000000000000e+01 1.175000000000000000e+02 4.350000000000000000e+01 9.900000000000000000e+01 1.090000000000000000e+02
1.340000000000000000e+02 1.600000000000000000e+02 0.000000000000000000e+00 1.315000000000000000e+02 1.380000000000000000e+02 1.270000000000000000e+02 1.505000000000000000e+02 6.600000000000000000e+01 1.120000000000000000e+02 8.150000000000000000e+01
7.550000000000000000e+01 2.950000000000000000e+01 1.315000000000000000e+02 0.000000000000000000e+00 7.850000000000000000e+01 1.025000000000000000e+02 6.500000000000000000e+01 1.075000000000000000e+02 1.370000000000000000e+02 7.100000000000000000e+01
1.635000000000000000e+02 3.600000000000000000e+01 1.380000000000000000e+02 7.850000000000000000e+01 0.000000000000000000e+00 1.205000000000000000e+02 1.260000000000000000e+02 1.110000000000000000e+02 1.195000000000000000e+02 1.305000000000000000e+02
6.850000000000000000e+01 8.100000000000000000e+01 1.270000000000000000e+02 1.025000000000000000e+02 1.205000000000000000e+02 0.000000000000000000e+00 4.000000000000000000e+01 1.800000000000000000e+01 1.235000000000000000e+02 9.050000000000000000e+01
1.675000000000000000e+02 1.175000000000000000e+02 1.505000000000000000e+02 6.500000000000000000e+01 1.260000000000000000e+02 4.000000000000000000e+01 0.000000000000000000e+00 1.040000000000000000e+02 7.550000000000000000e+01 1.290000000000000000e+02
7.700000000000000000e+01 4.350000000000000000e+01 6.600000000000000000e+01 1.075000000000000000e+02 1.110000000000000000e+02 1.800000000000000000e+01 1.040000000000000000e+02 0.000000000000000000e+00 9.200000000000000000e+01 1.085000000000000000e+02
1.065000000000000000e+02 9.900000000000000000e+01 1.120000000000000000e+02 1.370000000000000000e+02 1.195000000000000000e+02 1.235000000000000000e+02 7.550000000000000000e+01 9.200000000000000000e+01 0.000000000000000000e+00 7.400000000000000000e+01
1.835000000000000000e+02 1.090000000000000000e+02 8.150000000000000000e+01 7.100000000000000000e+01 1.305000000000000000e+02 9.050000000000000000e+01 1.290000000000000000e+02 1.085000000000000000e+02 7.400000000000000000e+01 0.000000000000000000e+00
