7.339396499665994111e-03 7.386184840461929068e-04 2.747797753369002338e-03 1.855730347990006482e-03 2.302062641317958926e-03 1.502360048333598735e-03 3.343254765943416695e-03 2.232692672020826236e-03 9.613694567117050255e-04 6.670394022078240340e-04 2.168431871222687053e-03 2.828151599905869007e-03 1.044912324655001938e-02 1.488547088527372286e-03 1.215649694309667989e-03
7.386184840461929068e-04 2.032362316836252344e-03 -4.464761302926693122e-05 4.282736763760570074e-04 1.789162195212083055e-04 -8.320000266836383070e-06 -1.959971784546914002e-04 3.325412286925433637e-04 6.727286810918671912e-04 -1.301511472339397834e-04 4.812599172850709202e-04 -2.473795233930707840e-05 -1.392270237656345264e-03 -2.922000732849660415e-04 -1.408700788672528720e-05
2.747797753369002338e-03 -4.464761302926693122e-05 4.684342896677781698e-03 1.715715127403747960e-03 3.424906112503165768e-03 2.137188740976225191e-03 3.993919884637427836e-03 1.494432807625387539e-03 8.616348427866049467e-04 1.096635776621106718e-03 2.666616641400233398e-03 2.848470401006376190e-03 6.455312167707026594e-03 3.047701987243813058e-03 2.114623894261489449e-03
1.855730347990006482e-03 4.282736763760570074e-04 1.715715127403747960e-03 7.319298672220996005e-03 3.773694088137291049e-03 2.018102916196025214e-03 3.429157012269085873e-03 2.202929794334174129e-03 2.251179167456543711e-03 1.119343790216676023e-03 3.401013020480937732e-03 2.351033094229755711e-03 2.367300252898480069e-03 3.386029062739253498e-03 1.418143494230707322e-03
2.302062641317958926e-03 1.789162195212083055e-04 3.424906112503165768e-03 3.773694088137291049e-03 8.264383287792002181e-03 2.614262955934166903e-03 4.238399640176458184e-03 3.018984812057917168e-03 2.893467590585040335e-03 1.891938087703250605e-03 3.798296811825790237e-03 2.902502324808333822e-03 5.210283753058667089e-03 4.549716867298542536e-03 3.307930635315041619e-03
1.502360048333598735e-03 -8.320000266836383070e-06 2.137188740976225191e-03 2.018102916196025214e-03 2.614262955934166903e-03 2.884958062858169591e-03 3.103330176270108383e-03 2.011350532299914073e-03 1.017123295405466133e-03 1.199631989700189905e-03 2.271055242093136892e-03 1.798619463648099080e-03 3.686616936920803726e-03 2.190069632405174018e-03 1.156340705586433957e-03
3.343254765943416695e-03 -1.959971784546914002e-04 3.993919884637427836e-03 3.429157012269085873e-03 4.238399640176458184e-03 3.103330176270108383e-03 1.188283663370236568e-02 2.401264996227696000e-03 1.407259984000853135e-03 2.402163515527643272e-03 3.572886080249473243e-03 4.476590426859915380e-03 8.657448021718560857e-03 3.740394903873270251e-03 1.739243788017719129e-03
2.232692672020826236e-03 3.325412286925433637e-04 1.494432807625387539e-03 2.202929794334174129e-03 3.018984812057917168e-03 2.011350532299914073e-03 2.401264996227696000e-03 8.402839328770856514e-03 1.710538135891642069e-03 1.808860162784468222e-03 2.504368872465368052e-03 1.683299466772200399e-03 4.562492754239285200e-03 2.345496857923600083e-03 2.262608689379470763e-03
9.613694567117050255e-04 6.727286810918671912e-04 8.616348427866049467e-04 2.251179167456543711e-03 2.893467590585040335e-03 1.017123295405466133e-03 1.407259984000853135e-03 1.710538135891642069e-03 6.185637910733953436e-03 1.166975739266161959e-03 8.548224614348219749e-04 1.572389698470829777e-03 2.211223941567239549e-03 9.672870058707900166e-04 2.084603074833188234e-03
6.670394022078240340e-04 -1.301511472339397834e-04 1.096635776621106718e-03 1.119343790216676023e-03 1.891938087703250605e-03 1.199631989700189905e-03 2.402163515527643272e-03 1.808860162784468222e-03 1.166975739266161959e-03 3.528674450641610706e-03 1.143056692345259182e-03 1.102403367487823872e-03 1.167229192845384072e-03 1.242304361438786951e-03 1.409900896326980908e-03
2.168431871222687053e-03 4.812599172850709202e-04 2.666616641400233398e-03 3.401013020480937732e-03 3.798296811825790237e-03 2.271055242093136892e-03 3.572886080249473243e-03 2.504368872465368052e-03 8.548224614348219749e-04 1.143056692345259182e-03 1.142937320030463361e-02 2.823040898206686730e-03 3.189349602117799807e-03 2.647533409243156381e-03 1.119609519239317917e-03
2.828151599905869007e-03 -2.473795233930707840e-05 2.848470401006376190e-03 2.351033094229755711e-03 2.902502324808333822e-03 1.798619463648099080e-03 4.476590426859915380e-03 1.683299466772200399e-03 1.572389698470829777e-03 1.102403367487823872e-03 2.823040898206686730e-03 5.572548717778243177e-03 6.231336380022394275e-03 2.462731029043744961e-03 2.563383550726167602e-03
1.044912324655001938e-02 -1.392270237656345264e-03 6.455312167707026594e-03 2.367300252898480069e-03 5.210283753058667089e-03 3.686616936920803726e-03 8.657448021718560857e-03 4.562492754239285200e-03 2.211223941567239549e-03 1.167229192845384072e-03 3.189349602117799807e-03 6.231336380022394275e-03 3.777393472395621649e-02 4.252311435197197662e-03 4.817839190982985478e-03
1.488547088527372286e-03 -2.922000732849660415e-04 3.047701987243813058e-03 3.386029062739253498e-03 4.549716867298542536e-03 2.190069632405174018e-03 3.740394903873270251e-03 2.345496857923600083e-03 9.672870058707900166e-04 1.242304361438786951e-03 2.647533409243156381e-03 2.462731029043744961e-03 4.252311435197197662e-03 8.834165304062623764e-03 2.671188952582396331e-03
1.215649694309667989e-03 -1.408700788672528720e-05 2.114623894261489449e-03 1.418143494230707322e-03 3.307930635315041619e-03 1.156340705586433957e-03 1.739243788017719129e-03 2.262608689379470763e-03 2.084603074833188234e-03 1.409900896326980908e-03 1.119609519239317917e-03 2.563383550726167602e-03 4.817839190982985478e-03 2.671188952582396331e-03 9.849282712570447962e-03
